1831.83334687
1959.92830687
2016.94976687
2164.01817687
2320.11928687
2448.17786687
2577.22045687
2705.31541687
2842.37432687
2929.40635687
2986.42781687
3114.48639687
3213.55480687
3284.59191687
3440.69302687
3541.74070687
3669.83566687
3797.89424687
3953.99535687
4091.05426687
4190.12267687
4293.13186687
4406.21592687
4519.29998687
4633.34291687
4761.40149687
4818.42295687
4931.50701687
5028.55977687
5142.60270687
5213.63981687
5350.69872687
5451.74640687
5637.82571687
5751.86864687
5907.96975687
5995.00178687
6052.02324687
6215.08657687
6314.15498687
6413.22339687
6500.25542687
6613.33948687
6710.39224687
6838.48720687
6967.52979687
7068.57747687
7254.65678687
7357.66597687
7494.72488687
7631.78379687
7732.83147687
7895.89480687
8008.97886687
8146.03777687
8283.09668687
8370.12871687
8467.18147687
8568.22915687
8639.26626687
8752.35032687
8866.39325687
8979.47731687
9116.53622687
9302.61553687
9488.69484687
9587.76325687
9724.82216687
9855.86265687
10002.9310669
10089.9630969
10191.0107769
10322.0512669
10450.1462269
10578.2048069
10691.2888669
10819.3838269
10966.4522369
11122.5533469
11269.6217569
11370.6694369
11499.7120269
11685.7913369
11814.8339269
11913.9023369
12027.9452669
12165.0041769
12278.0882369
12434.1893469
12548.2322769
