874
495 802
517 597
620 831
69 51
293 139
180 669
338 844
732 277
89 154
392 223
549 3
427 572
90 448
134 56
85 240
274 284
115 685
555 367
201 40
689 402
94 131
141 82
241 2
402 716
870 697
34 56
313 290
379 449
114 402
3 21
75 137
863 28
198 188
221 504
44 156
597 835
221 369
182 786
704 161
65 32
32 120
491 24
147 102
130 627
550 87
21 62
71 819
315 287
296 270
188 581
263 67
157 88
5 30
112 810
429 452
269 715
139 221
233 420
324 730
267 150
75 626
774 358
726 74
17 175
544 325
62 395
230 14
54 158
7 43
455 353
686 178
683 106
294 311
359 242
11 34
300 205
798 681
18 22
163 62
189 578
341 513
91 42
285 405
39 255
228 356
445 271
109 71
185 92
272 237
52 46
468 506
13 7
59 838
258 163
206 326
765 714
816 540
18 11
788 84
166 403
284 489
22 242
12 273
126 89
358 240
60 161
31 172
115 35
787 729
130 109
573 41
469 399
535 845
189 608
461 74
688 729
148 6
405 564
246 159
447 605
283 240
866 116
156 189
149 1
268 146
92 39
74 260
25 794
166 50
73 698
652 805
388 851
72 19
423 820
142 141
323 274
210 247
565 812
14 39
180 47
3 183
782 146
155 364
312 32
87 341
469 517
586 289
238 546
725 242
625 9
494 145
724 634
177 634
843 487
94 378
728 677
477 710
298 748
73 72
629 400
674 372
411 122
233 183
596 251
10 458
398 640
105 76
628 751
85 530
676 162
514 474
119 345
784 578
47 771
257 26
220 195
164 74
864 68
832 601
348 287
45 3
398 699
297 85
497 299
481 764
675 66
82 89
177 531
200 464
458 637
25 265
230 808
528 366
36 77
386 73
245 172
13 589
509 152
540 326
823 366
259 622
300 481
507 511
815 541
53 498
10 86
273 321
37 520
174 206
304 416
2 80
224 57
321 709
565 529
335 353
260 271
24 862
71 264
281 317
356 432
384 251
207 548
304 419
310 249
120 661
159 17
391 447
330 643
626 645
142 219
756 627
560 639
824 432
98 114
54 67
447 858
212 1
366 557
95 90
36 122
61 354
625 874
259 145
839 569
488 17
534 210
47 4
51 712
633 822
125 58
534 668
44 250
154 559
244 24
120 136
173 154
237 28
4 10
90 94
618 249
110 387
857 826
150 99
677 841
525 811
749 207
148 570
417 334
631 363
603 232
727 668
337 120
51 374
501 569
250 580
342 337
72 869
53 282
516 518
168 123
607 359
498 860
711 677
423 114
592 59
648 91
90 73
48 17
98 55
829 44
664 93
217 667
380 276
394 106
210 484
8 254
635 442
54 322
141 174
209 17
307 663
561 270
152 542
50 472
56 813
107 4
11 251
32 97
370 103
180 276
302 753
198 703
41 10
297 590
855 287
96 73
541 3
693 320
15 3
73 346
529 174
53 279
368 500
205 86
288 137
406 19
29 426
193 428
779 328
110 75
4 113
601 159
856 259
251 470
439 412
413 205
616 436
112 859
204 314
813 867
200 76
139 414
118 298
740 399
175 333
46 847
554 594
366 291
769 454
265 365
193 37
684 311
281 538
1 32
256 162
208 482
63 62
2 44
327 301
658 15
60 343
374 521
37 116
183 266
840 440
35 367
171 600
828 497
412 63
332 111
410 98
143 139
332 490
176 40
15 390
547 122
48 734
194 501
146 670
518 744
508 291
299 649
327 396
742 574
128 51
582 388
539 666
767 479
295 15
5 37
532 256
400 121
800 265
47 307
24 25
19 215
35 29
100 431
818 437
503 780
577 112
487 55
104 14
90 722
89 477
37 127
513 706
154 391
18 61
136 171
426 515
602 617
679 149
447 761
609 809
53 34
468 339
208 18
493 427
26 83
46 302
11 3
54 226
700 622
298 653
41 642
324 407
372 399
609 488
462 467
236 58
197 52
387 435
239 7
672 53
1 9
8 480
250 717
187 28
1 7
86 129
385 117
48 85
537 766
94 167
419 483
330 252
31 450
46 64
57 22
161 362
678 70
33 334
360 57
105 108
24 355
662 653
473 574
224 433
229 697
599 531
135 68
171 623
59 50
22 49
40 9
151 309
33 123
334 537
453 411
280 793
278 209
513 795
356 516
191 768
64 84
117 463
469 873
504 842
205 496
45 165
20 16
50 24
182 825
427 15
560 651
80 507
143 213
494 503
373 409
133 60
478 147
213 235
217 118
311 441
665 474
127 261
615 15
277 120
368 47
87 434
11 170
12 5
732 804
48 543
272 746
100 45
51 671
798 799
8 2
506 641
796 240
707 653
690 143
803 17
194 280
124 12
736 595
193 476
82 36
318 308
579 827
124 612
33 249
339 398
112 248
743 444
708 801
655 351
294 118
197 216
785 394
354 747
32 76
284 694
288 289
90 103
429 394
249 519
137 654
37 579
693 817
872 122
228 125
71 720
106 339
197 846
3 1
677 285
554 532
475 84
401 144
299 316
227 102
783 723
44 462
721 27
583 426
606 152
134 382
800 836
1 2
184 499
57 253
28 5
64 681
4 2
789 225
190 103
357 228
739 142
700 790
723 384
99 89
757 626
525 471
807 337
187 545
680 861
119 797
63 207
427 567
628 77
495 86
624 33
325 454
120 146
34 553
292 92
227 644
85 169
235 306
713 575
526 514
262 145
44 54
610 331
79 376
74 633
106 82
474 772
772 871
614 512
464 695
26 38
349 330
304 762
50 304
852 279
218 145
195 44
135 225
56 87
7 71
424 129
591 470
107 524
691 330
375 116
72 834
112 144
228 389
376 636
560 252
366 474
162 760
215 340
84 773
214 338
731 450
223 281
152 350
729 792
619 554
868 523
102 604
194 465
660 90
21 848
238 93
131 203
121 78
210 393
153 82
157 708
96 598
286 571
646 551
243 94
5 19
103 324
26 1
60 45
379 125
179 143
184 167
630 66
328 40
656 142
456 223
754 144
32 74
384 584
77 415
66 20
11 16
408 199
776 289
430 714
296 397
144 351
245 806
191 90
177 106
471 185
247 347
436 334
99 102
320 512
814 74
84 344
201 620
42 632
336 228
112 94
523 202
355 702
301 192
512 566
151 40
611 3
67 535
42 9
130 202
160 223
34 232
492 2
152 126
46 93
133 303
101 86
30 36
234 53
515 718
485 522
70 44
750 650
78 7
404 272
849 381
442 138
621 447
119 45
92 558
64 79
55 18
43 371
46 31
136 719
391 763
459 247
374 854
137 421
113 437
404 446
4 58
539 436
66 231
473 27
17 7
343 388
89 692
826 189
171 701
85 188
563 268
229 46
383 425
418 202
244 274
527 17
246 329
618 705
175 199
88 50
281 575
127 688
2 117
68 24
533 737
502 130
145 15
361 91
23 4
132 42
27 21
837 481
297 299
699 865
67 270
652 645
479 443
659 174
194 99
211 84
302 373
647 791
277 466
210 189
363 211
208 286
451 332
305 103
593 576
296 587
246 460
69 155
830 319
88 222
160 27
131 139
770 130
33 24
80 533
294 745
179 181
35 192
556 35
446 486
19 75
678 755
72 650
178 44
595 556
285 15
196 185
214 110
287 191
242 291
430 118
372 30
274 735
759 594
422 124
485 416
111 24
457 348
93 443
335 171
741 371
166 602
2 536
406 733
186 107
81 9
576 138
1 51
24 2
1 6
588 154
696 252
585 531
655 853
331 165
169 275
758 482
422 821
850 6
664 781
118 2
204 154
192 440
325 94
143 162
14 9
19 269
738 510
42 680
46 182
510 173
218 438
775 222
138 6
147 568
176 381
31 11
474 752
181 320
24 29
79 673
3 5
112 552
290 274
119 687
303 777
562 48
682 569
833 748
54 551
